2+3
a <- c(2,3,4)